0
1
2
3
4
5
6
7
8
9
10
11
12
13
14
15
0
1
2
3
4
5
6
7
8
9
10
11
12
13
14
15
0
1
2
3
4
5
6
7
8
9
10
11
12
13
14
15
0
1
2
3
4
5
6
7
8
9
10
11
12
13
14
15
0
1
2
3
4
5
6
7
8
9
10
11
12
13
14
15
0
1
2
3
4
5
6
7
8
9
10
11
12
13
14
15
0
1
2
3
4
5
6
7
8
9
10
11
12
13
14
15
0
1
2
3
4
5
6
7
8
9
10
11
12
13
14
15
0
1
2
3
4
5
6
7
8
9
10
11
12
13
14
15
0
1
2
3
4
5
6
7
8
9
10
11
12
13
14
15
0
1
2
3
4
5
6
7
8
9
10
11
12
13
14
15
0
1
2
3
4
5
6
7
8
9
10
11
12
13
14
15
0
1
2
3
4
5
6
7
8
9
10
11
12
13
14
15
0
1
2
3
4
5
6
7
8
9
10
11
12
13
14
15
0
1
2
3
4
5
6
7
8
9
10
11
12
13
14
15
0
1
2
3
4
5
6
7
8
9
10
11
12
13
14
15
0
1073741824
2147483648
3221225472
1
1073741825
2147483649
3221225473
2
1073741826
2147483650
3221225474
3
1073741827
2147483651
3221225475
0
1073741824
2147483648
3221225472
1
1073741825
2147483649
3221225473
2
1073741826
2147483650
3221225474
3
1073741827
2147483651
3221225475
0
1073741824
2147483648
3221225472
1
1073741825
2147483649
3221225473
2
1073741826
2147483650
3221225474
3
1073741827
2147483651
3221225475
0
1073741824
2147483648
3221225472
1
1073741825
2147483649
3221225473
2
1073741826
2147483650
3221225474
3
1073741827
2147483651
3221225475
0
1073741824
2147483648
3221225472
1
1073741825
2147483649
3221225473
2
1073741826
2147483650
3221225474
3
1073741827
2147483651
3221225475
0
1073741824
2147483648
3221225472
1
1073741825
2147483649
3221225473
2
1073741826
2147483650
3221225474
3
1073741827
2147483651
3221225475
0
1073741824
2147483648
3221225472
1
1073741825
2147483649
3221225473
2
1073741826
2147483650
3221225474
3
1073741827
2147483651
3221225475
0
1073741824
2147483648
3221225472
1
1073741825
2147483649
3221225473
2
1073741826
2147483650
3221225474
3
1073741827
2147483651
3221225475
0
1073741824
2147483648
3221225472
1
1073741825
2147483649
3221225473
2
1073741826
2147483650
3221225474
3
1073741827
2147483651
3221225475
0
1073741824
2147483648
3221225472
1
1073741825
2147483649
3221225473
2
1073741826
2147483650
3221225474
3
1073741827
2147483651
3221225475
0
1073741824
2147483648
3221225472
1
1073741825
2147483649
3221225473
2
1073741826
2147483650
3221225474
3
1073741827
2147483651
3221225475
0
1073741824
2147483648
3221225472
1
1073741825
2147483649
3221225473
2
1073741826
2147483650
3221225474
3
1073741827
2147483651
3221225475
0
1073741824
2147483648
3221225472
1
1073741825
2147483649
3221225473
2
1073741826
2147483650
3221225474
3
1073741827
2147483651
3221225475
0
1073741824
2147483648
3221225472
1
1073741825
2147483649
3221225473
2
1073741826
2147483650
3221225474
3
1073741827
2147483651
3221225475
0
1073741824
2147483648
3221225472
1
1073741825
2147483649
3221225473
2
1073741826
2147483650
3221225474
3
1073741827
2147483651
3221225475
0
1073741824
2147483648
3221225472
1
1073741825
2147483649
3221225473
2
1073741826
2147483650
3221225474
3
1073741827
2147483651
3221225475
0
268435456
536870912
805306368
1073741824
1342177280
1610612736
1879048192
2147483648
2415919104
2684354560
2952790016
3221225472
3489660928
3758096384
4026531840
0
268435456
536870912
805306368
1073741824
1342177280
1610612736
1879048192
2147483648
2415919104
2684354560
2952790016
3221225472
3489660928
3758096384
4026531840
0
268435456
536870912
805306368
1073741824
1342177280
1610612736
1879048192
2147483648
2415919104
2684354560
2952790016
3221225472
3489660928
3758096384
4026531840
0
268435456
536870912
805306368
1073741824
1342177280
1610612736
1879048192
2147483648
2415919104
2684354560
2952790016
3221225472
3489660928
3758096384
4026531840
0
268435456
536870912
805306368
1073741824
1342177280
1610612736
1879048192
2147483648
2415919104
2684354560
2952790016
3221225472
3489660928
3758096384
4026531840
0
268435456
536870912
805306368
1073741824
1342177280
1610612736
1879048192
2147483648
2415919104
2684354560
2952790016
3221225472
3489660928
3758096384
4026531840
0
268435456
536870912
805306368
1073741824
1342177280
1610612736
1879048192
2147483648
2415919104
2684354560
2952790016
3221225472
3489660928
3758096384
4026531840
0
268435456
536870912
805306368
1073741824
1342177280
1610612736
1879048192
2147483648
2415919104
2684354560
2952790016
3221225472
3489660928
3758096384
4026531840
0
268435456
536870912
805306368
1073741824
1342177280
1610612736
1879048192
2147483648
2415919104
2684354560
2952790016
3221225472
3489660928
3758096384
4026531840
0
268435456
536870912
805306368
1073741824
1342177280
1610612736
1879048192
2147483648
2415919104
2684354560
2952790016
3221225472
3489660928
3758096384
4026531840
0
268435456
536870912
805306368
1073741824
1342177280
1610612736
1879048192
2147483648
2415919104
2684354560
2952790016
3221225472
3489660928
3758096384
4026531840
0
268435456
536870912
805306368
1073741824
1342177280
1610612736
1879048192
2147483648
2415919104
2684354560
2952790016
3221225472
3489660928
3758096384
4026531840
0
268435456
536870912
805306368
1073741824
1342177280
1610612736
1879048192
2147483648
2415919104
2684354560
2952790016
3221225472
3489660928
3758096384
4026531840
0
268435456
536870912
805306368
1073741824
1342177280
1610612736
1879048192
2147483648
2415919104
2684354560
2952790016
3221225472
3489660928
3758096384
4026531840
0
268435456
536870912
805306368
1073741824
1342177280
1610612736
1879048192
2147483648
2415919104
2684354560
2952790016
3221225472
3489660928
3758096384
4026531840
0
268435456
536870912
805306368
1073741824
1342177280
1610612736
1879048192
2147483648
2415919104
2684354560
2952790016
3221225472
3489660928
3758096384
4026531840
0
67108864
134217728
201326592
268435456
335544320
402653184
469762048
536870912
603979776
671088640
738197504
805306368
872415232
939524096
1006632960
0
67108864
134217728
201326592
268435456
335544320
402653184
469762048
536870912
603979776
671088640
738197504
805306368
872415232
939524096
1006632960
0
67108864
134217728
201326592
268435456
335544320
402653184
469762048
536870912
603979776
671088640
738197504
805306368
872415232
939524096
1006632960
0
67108864
134217728
201326592
268435456
335544320
402653184
469762048
536870912
603979776
671088640
738197504
805306368
872415232
939524096
1006632960
0
67108864
134217728
201326592
268435456
335544320
402653184
469762048
536870912
603979776
671088640
738197504
805306368
872415232
939524096
1006632960
0
67108864
134217728
201326592
268435456
335544320
402653184
469762048
536870912
603979776
671088640
738197504
805306368
872415232
939524096
1006632960
0
67108864
134217728
201326592
268435456
335544320
402653184
469762048
536870912
603979776
671088640
738197504
805306368
872415232
939524096
1006632960
0
67108864
134217728
201326592
268435456
335544320
402653184
469762048
536870912
603979776
671088640
738197504
805306368
872415232
939524096
1006632960
0
67108864
134217728
201326592
268435456
335544320
402653184
469762048
536870912
603979776
671088640
738197504
805306368
872415232
939524096
1006632960
0
67108864
134217728
201326592
268435456
335544320
402653184
469762048
536870912
603979776
671088640
738197504
805306368
872415232
939524096
1006632960
0
67108864
134217728
201326592
268435456
335544320
402653184
469762048
536870912
603979776
671088640
738197504
805306368
872415232
939524096
1006632960
0
67108864
134217728
201326592
268435456
335544320
402653184
469762048
536870912
603979776
671088640
738197504
805306368
872415232
939524096
1006632960
0
67108864
134217728
201326592
268435456
335544320
402653184
469762048
536870912
603979776
671088640
738197504
805306368
872415232
939524096
1006632960
0
67108864
134217728
201326592
268435456
335544320
402653184
469762048
536870912
603979776
671088640
738197504
805306368
872415232
939524096
1006632960
0
67108864
134217728
201326592
268435456
335544320
402653184
469762048
536870912
603979776
671088640
738197504
805306368
872415232
939524096
1006632960
0
67108864
134217728
201326592
268435456
335544320
402653184
469762048
536870912
603979776
671088640
738197504
805306368
872415232
939524096
1006632960
0
16777216
33554432
50331648
67108864
83886080
100663296
117440512
134217728
150994944
167772160
184549376
201326592
218103808
234881024
251658240
0
16777216
33554432
50331648
67108864
83886080
100663296
117440512
134217728
150994944
167772160
184549376
201326592
218103808
234881024
251658240
0
16777216
33554432
50331648
67108864
83886080
100663296
117440512
134217728
150994944
167772160
184549376
201326592
218103808
234881024
251658240
0
16777216
33554432
50331648
67108864
83886080
100663296
117440512
134217728
150994944
167772160
184549376
201326592
218103808
234881024
251658240
0
16777216
33554432
50331648
67108864
83886080
100663296
117440512
134217728
150994944
167772160
184549376
201326592
218103808
234881024
251658240
0
16777216
33554432
50331648
67108864
83886080
100663296
117440512
134217728
150994944
167772160
184549376
201326592
218103808
234881024
251658240
0
16777216
33554432
50331648
67108864
83886080
100663296
117440512
134217728
150994944
167772160
184549376
201326592
218103808
234881024
251658240
0
16777216
33554432
50331648
67108864
83886080
100663296
117440512
134217728
150994944
167772160
184549376
201326592
218103808
234881024
251658240
0
16777216
33554432
50331648
67108864
83886080
100663296
117440512
134217728
150994944
167772160
184549376
201326592
218103808
234881024
251658240
0
16777216
33554432
50331648
67108864
83886080
100663296
117440512
134217728
150994944
167772160
184549376
201326592
218103808
234881024
251658240
0
16777216
33554432
50331648
67108864
83886080
100663296
117440512
134217728
150994944
167772160
184549376
201326592
218103808
234881024
251658240
0
16777216
33554432
50331648
67108864
83886080
100663296
117440512
134217728
150994944
167772160
184549376
201326592
218103808
234881024
251658240
0
16777216
33554432
50331648
67108864
83886080
100663296
117440512
134217728
150994944
167772160
184549376
201326592
218103808
234881024
251658240
0
16777216
33554432
50331648
67108864
83886080
100663296
117440512
134217728
150994944
167772160
184549376
201326592
218103808
234881024
251658240
0
16777216
33554432
50331648
67108864
83886080
100663296
117440512
134217728
150994944
167772160
184549376
201326592
218103808
234881024
251658240
0
16777216
33554432
50331648
67108864
83886080
100663296
117440512
134217728
150994944
167772160
184549376
201326592
218103808
234881024
251658240
0
4194304
8388608
12582912
16777216
20971520
25165824
29360128
33554432
37748736
41943040
46137344
50331648
54525952
58720256
62914560
0
4194304
8388608
12582912
16777216
20971520
25165824
29360128
33554432
37748736
41943040
46137344
50331648
54525952
58720256
62914560
0
4194304
8388608
12582912
16777216
20971520
25165824
29360128
33554432
37748736
41943040
46137344
50331648
54525952
58720256
62914560
0
4194304
8388608
12582912
16777216
20971520
25165824
29360128
33554432
37748736
41943040
46137344
50331648
54525952
58720256
62914560
0
4194304
8388608
12582912
16777216
20971520
25165824
29360128
33554432
37748736
41943040
46137344
50331648
54525952
58720256
62914560
0
4194304
8388608
12582912
16777216
20971520
25165824
29360128
33554432
37748736
41943040
46137344
50331648
54525952
58720256
62914560
0
4194304
8388608
12582912
16777216
20971520
25165824
29360128
33554432
37748736
41943040
46137344
50331648
54525952
58720256
62914560
0
4194304
8388608
12582912
16777216
20971520
25165824
29360128
33554432
37748736
41943040
46137344
50331648
54525952
58720256
62914560
0
4194304
8388608
12582912
16777216
20971520
25165824
29360128
33554432
37748736
41943040
46137344
50331648
54525952
58720256
62914560
0
4194304
8388608
12582912
16777216
20971520
25165824
29360128
33554432
37748736
41943040
46137344
50331648
54525952
58720256
62914560
0
4194304
8388608
12582912
16777216
20971520
25165824
29360128
33554432
37748736
41943040
46137344
50331648
54525952
58720256
62914560
0
4194304
8388608
12582912
16777216
20971520
25165824
29360128
33554432
37748736
41943040
46137344
50331648
54525952
58720256
62914560
0
4194304
8388608
12582912
16777216
20971520
25165824
29360128
33554432
37748736
41943040
46137344
50331648
54525952
58720256
62914560
0
4194304
8388608
12582912
16777216
20971520
25165824
29360128
33554432
37748736
41943040
46137344
50331648
54525952
58720256
62914560
0
4194304
8388608
12582912
16777216
20971520
25165824
29360128
33554432
37748736
41943040
46137344
50331648
54525952
58720256
62914560
0
4194304
8388608
12582912
16777216
20971520
25165824
29360128
33554432
37748736
41943040
46137344
50331648
54525952
58720256
62914560
0
1048576
2097152
3145728
4194304
5242880
6291456
7340032
8388608
9437184
10485760
11534336
12582912
13631488
14680064
15728640
0
1048576
2097152
3145728
4194304
5242880
6291456
7340032
8388608
9437184
10485760
11534336
12582912
13631488
14680064
15728640
0
1048576
2097152
3145728
4194304
5242880
6291456
7340032
8388608
9437184
10485760
11534336
12582912
13631488
14680064
15728640
0
1048576
2097152
3145728
4194304
5242880
6291456
7340032
8388608
9437184
10485760
11534336
12582912
13631488
14680064
15728640
0
1048576
2097152
3145728
4194304
5242880
6291456
7340032
8388608
9437184
10485760
11534336
12582912
13631488
14680064
15728640
0
1048576
2097152
3145728
4194304
5242880
6291456
7340032
8388608
9437184
10485760
11534336
12582912
13631488
14680064
15728640
0
1048576
2097152
3145728
4194304
5242880
6291456
7340032
8388608
9437184
10485760
11534336
12582912
13631488
14680064
15728640
0
1048576
2097152
3145728
4194304
5242880
6291456
7340032
8388608
9437184
10485760
11534336
12582912
13631488
14680064
15728640
0
1048576
2097152
3145728
4194304
5242880
6291456
7340032
8388608
9437184
10485760
11534336
12582912
13631488
14680064
15728640
0
1048576
2097152
3145728
4194304
5242880
6291456
7340032
8388608
9437184
10485760
11534336
12582912
13631488
14680064
15728640
0
1048576
2097152
3145728
4194304
5242880
6291456
7340032
8388608
9437184
10485760
11534336
12582912
13631488
14680064
15728640
0
1048576
2097152
3145728
4194304
5242880
6291456
7340032
8388608
9437184
10485760
11534336
12582912
13631488
14680064
15728640
0
1048576
2097152
3145728
4194304
5242880
6291456
7340032
8388608
9437184
10485760
11534336
12582912
13631488
14680064
15728640
0
1048576
2097152
3145728
4194304
5242880
6291456
7340032
8388608
9437184
10485760
11534336
12582912
13631488
14680064
15728640
0
1048576
2097152
3145728
4194304
5242880
6291456
7340032
8388608
9437184
10485760
11534336
12582912
13631488
14680064
15728640
0
1048576
2097152
3145728
4194304
5242880
6291456
7340032
8388608
9437184
10485760
11534336
12582912
13631488
14680064
15728640
0
262144
524288
786432
1048576
1310720
1572864
1835008
2097152
2359296
2621440
2883584
3145728
3407872
3670016
3932160
0
262144
524288
786432
1048576
1310720
1572864
1835008
2097152
2359296
2621440
2883584
3145728
3407872
3670016
3932160
0
262144
524288
786432
1048576
1310720
1572864
1835008
2097152
2359296
2621440
2883584
3145728
3407872
3670016
3932160
0
262144
524288
786432
1048576
1310720
1572864
1835008
2097152
2359296
2621440
2883584
3145728
3407872
3670016
3932160
0
262144
524288
786432
1048576
1310720
1572864
1835008
2097152
2359296
2621440
2883584
3145728
3407872
3670016
3932160
0
262144
524288
786432
1048576
1310720
1572864
1835008
2097152
2359296
2621440
2883584
3145728
3407872
3670016
3932160
0
262144
524288
786432
1048576
1310720
1572864
1835008
2097152
2359296
2621440
2883584
3145728
3407872
3670016
3932160
0
262144
524288
786432
1048576
1310720
1572864
1835008
2097152
2359296
2621440
2883584
3145728
3407872
3670016
3932160
0
262144
524288
786432
1048576
1310720
1572864
1835008
2097152
2359296
2621440
2883584
3145728
3407872
3670016
3932160
0
262144
524288
786432
1048576
1310720
1572864
1835008
2097152
2359296
2621440
2883584
3145728
3407872
3670016
3932160
0
262144
524288
786432
1048576
1310720
1572864
1835008
2097152
2359296
2621440
2883584
3145728
3407872
3670016
3932160
0
262144
524288
786432
1048576
1310720
1572864
1835008
2097152
2359296
2621440
2883584
3145728
3407872
3670016
3932160
0
262144
524288
786432
1048576
1310720
1572864
1835008
2097152
2359296
2621440
2883584
3145728
3407872
3670016
3932160
0
262144
524288
786432
1048576
1310720
1572864
1835008
2097152
2359296
2621440
2883584
3145728
3407872
3670016
3932160
0
262144
524288
786432
1048576
1310720
1572864
1835008
2097152
2359296
2621440
2883584
3145728
3407872
3670016
3932160
0
262144
524288
786432
1048576
1310720
1572864
1835008
2097152
2359296
2621440
2883584
3145728
3407872
3670016
3932160
0
65536
131072
196608
262144
327680
393216
458752
524288
589824
655360
720896
786432
851968
917504
983040
0
65536
131072
196608
262144
327680
393216
458752
524288
589824
655360
720896
786432
851968
917504
983040
0
65536
131072
196608
262144
327680
393216
458752
524288
589824
655360
720896
786432
851968
917504
983040
0
65536
131072
196608
262144
327680
393216
458752
524288
589824
655360
720896
786432
851968
917504
983040
0
65536
131072
196608
262144
327680
393216
458752
524288
589824
655360
720896
786432
851968
917504
983040
0
65536
131072
196608
262144
327680
393216
458752
524288
589824
655360
720896
786432
851968
917504
983040
0
65536
131072
196608
262144
327680
393216
458752
524288
589824
655360
720896
786432
851968
917504
983040
0
65536
131072
196608
262144
327680
393216
458752
524288
589824
655360
720896
786432
851968
917504
983040
0
65536
131072
196608
262144
327680
393216
458752
524288
589824
655360
720896
786432
851968
917504
983040
0
65536
131072
196608
262144
327680
393216
458752
524288
589824
655360
720896
786432
851968
917504
983040
0
65536
131072
196608
262144
327680
393216
458752
524288
589824
655360
720896
786432
851968
917504
983040
0
65536
131072
196608
262144
327680
393216
458752
524288
589824
655360
720896
786432
851968
917504
983040
0
65536
131072
196608
262144
327680
393216
458752
524288
589824
655360
720896
786432
851968
917504
983040
0
65536
131072
196608
262144
327680
393216
458752
524288
589824
655360
720896
786432
851968
917504
983040
0
65536
131072
196608
262144
327680
393216
458752
524288
589824
655360
720896
786432
851968
917504
983040
0
65536
131072
196608
262144
327680
393216
458752
524288
589824
655360
720896
786432
851968
917504
983040
0
16384
32768
49152
65536
81920
98304
114688
131072
147456
163840
180224
196608
212992
229376
245760
0
16384
32768
49152
65536
81920
98304
114688
131072
147456
163840
180224
196608
212992
229376
245760
0
16384
32768
49152
65536
81920
98304
114688
131072
147456
163840
180224
196608
212992
229376
245760
0
16384
32768
49152
65536
81920
98304
114688
131072
147456
163840
180224
196608
212992
229376
245760
0
16384
32768
49152
65536
81920
98304
114688
131072
147456
163840
180224
196608
212992
229376
245760
0
16384
32768
49152
65536
81920
98304
114688
131072
147456
163840
180224
196608
212992
229376
245760
0
16384
32768
49152
65536
81920
98304
114688
131072
147456
163840
180224
196608
212992
229376
245760
0
16384
32768
49152
65536
81920
98304
114688
131072
147456
163840
180224
196608
212992
229376
245760
0
16384
32768
49152
65536
81920
98304
114688
131072
147456
163840
180224
196608
212992
229376
245760
0
16384
32768
49152
65536
81920
98304
114688
131072
147456
163840
180224
196608
212992
229376
245760
0
16384
32768
49152
65536
81920
98304
114688
131072
147456
163840
180224
196608
212992
229376
245760
0
16384
32768
49152
65536
81920
98304
114688
131072
147456
163840
180224
196608
212992
229376
245760
0
16384
32768
49152
65536
81920
98304
114688
131072
147456
163840
180224
196608
212992
229376
245760
0
16384
32768
49152
65536
81920
98304
114688
131072
147456
163840
180224
196608
212992
229376
245760
0
16384
32768
49152
65536
81920
98304
114688
131072
147456
163840
180224
196608
212992
229376
245760
0
16384
32768
49152
65536
81920
98304
114688
131072
147456
163840
180224
196608
212992
229376
245760
0
4096
8192
12288
16384
20480
24576
28672
32768
36864
40960
45056
49152
53248
57344
61440
0
4096
8192
12288
16384
20480
24576
28672
32768
36864
40960
45056
49152
53248
57344
61440
0
4096
8192
12288
16384
20480
24576
28672
32768
36864
40960
45056
49152
53248
57344
61440
0
4096
8192
12288
16384
20480
24576
28672
32768
36864
40960
45056
49152
53248
57344
61440
0
4096
8192
12288
16384
20480
24576
28672
32768
36864
40960
45056
49152
53248
57344
61440
0
4096
8192
12288
16384
20480
24576
28672
32768
36864
40960
45056
49152
53248
57344
61440
0
4096
8192
12288
16384
20480
24576
28672
32768
36864
40960
45056
49152
53248
57344
61440
0
4096
8192
12288
16384
20480
24576
28672
32768
36864
40960
45056
49152
53248
57344
61440
0
4096
8192
12288
16384
20480
24576
28672
32768
36864
40960
45056
49152
53248
57344
61440
0
4096
8192
12288
16384
20480
24576
28672
32768
36864
40960
45056
49152
53248
57344
61440
0
4096
8192
12288
16384
20480
24576
28672
32768
36864
40960
45056
49152
53248
57344
61440
0
4096
8192
12288
16384
20480
24576
28672
32768
36864
40960
45056
49152
53248
57344
61440
0
4096
8192
12288
16384
20480
24576
28672
32768
36864
40960
45056
49152
53248
57344
61440
0
4096
8192
12288
16384
20480
24576
28672
32768
36864
40960
45056
49152
53248
57344
61440
0
4096
8192
12288
16384
20480
24576
28672
32768
36864
40960
45056
49152
53248
57344
61440
0
4096
8192
12288
16384
20480
24576
28672
32768
36864
40960
45056
49152
53248
57344
61440
0
1024
2048
3072
4096
5120
6144
7168
8192
9216
10240
11264
12288
13312
14336
15360
0
1024
2048
3072
4096
5120
6144
7168
8192
9216
10240
11264
12288
13312
14336
15360
0
1024
2048
3072
4096
5120
6144
7168
8192
9216
10240
11264
12288
13312
14336
15360
0
1024
2048
3072
4096
5120
6144
7168
8192
9216
10240
11264
12288
13312
14336
15360
0
1024
2048
3072
4096
5120
6144
7168
8192
9216
10240
11264
12288
13312
14336
15360
0
1024
2048
3072
4096
5120
6144
7168
8192
9216
10240
11264
12288
13312
14336
15360
0
1024
2048
3072
4096
5120
6144
7168
8192
9216
10240
11264
12288
13312
14336
15360
0
1024
2048
3072
4096
5120
6144
7168
8192
9216
10240
11264
12288
13312
14336
15360
0
1024
2048
3072
4096
5120
6144
7168
8192
9216
10240
11264
12288
13312
14336
15360
0
1024
2048
3072
4096
5120
6144
7168
8192
9216
10240
11264
12288
13312
14336
15360
0
1024
2048
3072
4096
5120
6144
7168
8192
9216
10240
11264
12288
13312
14336
15360
0
1024
2048
3072
4096
5120
6144
7168
8192
9216
10240
11264
12288
13312
14336
15360
0
1024
2048
3072
4096
5120
6144
7168
8192
9216
10240
11264
12288
13312
14336
15360
0
1024
2048
3072
4096
5120
6144
7168
8192
9216
10240
11264
12288
13312
14336
15360
0
1024
2048
3072
4096
5120
6144
7168
8192
9216
10240
11264
12288
13312
14336
15360
0
1024
2048
3072
4096
5120
6144
7168
8192
9216
10240
11264
12288
13312
14336
15360
0
256
512
768
1024
1280
1536
1792
2048
2304
2560
2816
3072
3328
3584
3840
0
256
512
768
1024
1280
1536
1792
2048
2304
2560
2816
3072
3328
3584
3840
0
256
512
768
1024
1280
1536
1792
2048
2304
2560
2816
3072
3328
3584
3840
0
256
512
768
1024
1280
1536
1792
2048
2304
2560
2816
3072
3328
3584
3840
0
256
512
768
1024
1280
1536
1792
2048
2304
2560
2816
3072
3328
3584
3840
0
256
512
768
1024
1280
1536
1792
2048
2304
2560
2816
3072
3328
3584
3840
0
256
512
768
1024
1280
1536
1792
2048
2304
2560
2816
3072
3328
3584
3840
0
256
512
768
1024
1280
1536
1792
2048
2304
2560
2816
3072
3328
3584
3840
0
256
512
768
1024
1280
1536
1792
2048
2304
2560
2816
3072
3328
3584
3840
0
256
512
768
1024
1280
1536
1792
2048
2304
2560
2816
3072
3328
3584
3840
0
256
512
768
1024
1280
1536
1792
2048
2304
2560
2816
3072
3328
3584
3840
0
256
512
768
1024
1280
1536
1792
2048
2304
2560
2816
3072
3328
3584
3840
0
256
512
768
1024
1280
1536
1792
2048
2304
2560
2816
3072
3328
3584
3840
0
256
512
768
1024
1280
1536
1792
2048
2304
2560
2816
3072
3328
3584
3840
0
256
512
768
1024
1280
1536
1792
2048
2304
2560
2816
3072
3328
3584
3840
0
256
512
768
1024
1280
1536
1792
2048
2304
2560
2816
3072
3328
3584
3840
0
64
128
192
256
320
384
448
512
576
640
704
768
832
896
960
0
64
128
192
256
320
384
448
512
576
640
704
768
832
896
960
0
64
128
192
256
320
384
448
512
576
640
704
768
832
896
960
0
64
128
192
256
320
384
448
512
576
640
704
768
832
896
960
0
64
128
192
256
320
384
448
512
576
640
704
768
832
896
960
0
64
128
192
256
320
384
448
512
576
640
704
768
832
896
960
0
64
128
192
256
320
384
448
512
576
640
704
768
832
896
960
0
64
128
192
256
320
384
448
512
576
640
704
768
832
896
960
0
64
128
192
256
320
384
448
512
576
640
704
768
832
896
960
0
64
128
192
256
320
384
448
512
576
640
704
768
832
896
960
0
64
128
192
256
320
384
448
512
576
640
704
768
832
896
960
0
64
128
192
256
320
384
448
512
576
640
704
768
832
896
960
0
64
128
192
256
320
384
448
512
576
640
704
768
832
896
960
0
64
128
192
256
320
384
448
512
576
640
704
768
832
896
960
0
64
128
192
256
320
384
448
512
576
640
704
768
832
896
960
0
64
128
192
256
320
384
448
512
576
640
704
768
832
896
960
0
16
32
48
64
80
96
112
128
144
160
176
192
208
224
240
0
16
32
48
64
80
96
112
128
144
160
176
192
208
224
240
0
16
32
48
64
80
96
112
128
144
160
176
192
208
224
240
0
16
32
48
64
80
96
112
128
144
160
176
192
208
224
240
0
16
32
48
64
80
96
112
128
144
160
176
192
208
224
240
0
16
32
48
64
80
96
112
128
144
160
176
192
208
224
240
0
16
32
48
64
80
96
112
128
144
160
176
192
208
224
240
0
16
32
48
64
80
96
112
128
144
160
176
192
208
224
240
0
16
32
48
64
80
96
112
128
144
160
176
192
208
224
240
0
16
32
48
64
80
96
112
128
144
160
176
192
208
224
240
0
16
32
48
64
80
96
112
128
144
160
176
192
208
224
240
0
16
32
48
64
80
96
112
128
144
160
176
192
208
224
240
0
16
32
48
64
80
96
112
128
144
160
176
192
208
224
240
0
16
32
48
64
80
96
112
128
144
160
176
192
208
224
240
0
16
32
48
64
80
96
112
128
144
160
176
192
208
224
240
0
16
32
48
64
80
96
112
128
144
160
176
192
208
224
240
0
4
8
12
16
20
24
28
32
36
40
44
48
52
56
60
0
4
8
12
16
20
24
28
32
36
40
44
48
52
56
60
0
4
8
12
16
20
24
28
32
36
40
44
48
52
56
60
0
4
8
12
16
20
24
28
32
36
40
44
48
52
56
60
0
4
8
12
16
20
24
28
32
36
40
44
48
52
56
60
0
4
8
12
16
20
24
28
32
36
40
44
48
52
56
60
0
4
8
12
16
20
24
28
32
36
40
44
48
52
56
60
0
4
8
12
16
20
24
28
32
36
40
44
48
52
56
60
0
4
8
12
16
20
24
28
32
36
40
44
48
52
56
60
0
4
8
12
16
20
24
28
32
36
40
44
48
52
56
60
0
4
8
12
16
20
24
28
32
36
40
44
48
52
56
60
0
4
8
12
16
20
24
28
32
36
40
44
48
52
56
60
0
4
8
12
16
20
24
28
32
36
40
44
48
52
56
60
0
4
8
12
16
20
24
28
32
36
40
44
48
52
56
60
0
4
8
12
16
20
24
28
32
36
40
44
48
52
56
60
0
4
8
12
16
20
24
28
32
36
40
44
48
52
56
60
